lemuse={
	location=257
	color={
		120 157 50 
	}
	outgoing={
		name="enrika"
		path={
			261 259 260 284 286 293 204 
		}
		control={
			3485.000000 212.000000 
		}
	}
	outgoing={
		name="iliasville"
		path={
			256 263 264 265 251 245 236 235 49 48 41 
		}
		control={
			3680.000000 215.000000 
		}
	}
	members={
		256 257 258 245 246 250 251 259 260 261 284 286 287 289 247 248 249 252 264 265 266 267 280 254 255 263 262 268 269 283 244 253 270 272 281 285 288 290 
	}
}
enrika={
	location=204
	color={
		92 209 90 
	}
	outgoing={
		name="irina_mountains"
		path={
			89 104 80 79 
		}
		control={
			3436.000000 364.000000 3472.000000 415.000000 
		}
	}
	members={
		231 240 242 271 291 295 296 299 229 232 233 237 204 292 293 297 298 306 301 303 304 305 307 273 274 278 279 234 235 236 239 241 275 276 277 228 230 238 243 294 300 302 282 
	}
}
forest_of_spirits={
	location=640
	color={
		67 101 66 
	}
	outgoing={
		name="monte_carlo"
		path={
			639 641 644 650 
		}
		control={
			3217.000000 746.000000 
		}
	}
	outgoing={
		name="st_amos"
		path={
			638 639 622 613 601 598 
		}
		control={
			3353.000000 808.000000 
		}
	}
	outgoing={
		name="san_ilia"
		path={
			641 635 634 629 625 595 582 
		}
		control={
			3291.000000 763.000000 
		}
	}
	members={
		636 637 638 639 647 648 690 640 641 642 643 607 609 619 620 604 605 606 615 624 625 629 623 634 635 613 614 621 622 633 610 616 608 611 612 617 618 
	}
}
pyramid={
	location=806
	color={
		165 134 27 
	}
	outgoing={
		name="sabasa"
		path={
			756 753 750 759 760 737 729 
		}
		control={
			2719.000000 620.000000 
		}
	}
	outgoing={
		name="grandeur"
		path={
			803 798 795 789 776 778 
		}
		control={
			2612.000000 642.000000 
		}
	}
	members={
		806 807 808 819 820 809 818 810 814 815 816 817 826 827 828 829 830 821 822 823 824 825 811 812 813 
	}
}
administrator_tower={
	location=983
	color={
		46 43 24 
	}
	outgoing={
		name="sabasa"
		path={
			945 946 937 936 933 928 731 730 729 
		}
		control={
			2965.000000 764.000000 
		}
	}
	outgoing={
		name="saloon"
		path={
			924 915 912 910 907 902 894 891 883 884 879 
		}
		control={
			2968.000000 903.000000 2779.000000 906.000000 
		}
	}
	outgoing={
		name="grandeur"
		path={
			924 915 912 771 773 777 778 
		}
		control={
			2914.000000 823.000000 
		}
	}
	members={
		941 942 943 952 940 944 945 947 951 930 931 932 953 961 966 967 954 955 958 959 960 975 979 980 981 982 209 983 984 985 926 927 935 936 937 938 939 946 948 963 964 965 972 973 976 977 978 968 969 970 971 974 949 950 956 957 962 928 929 933 934 
	}
}
yamatai_caves={
	location=1178
	color={
		57 18 20 
	}
	outgoing={
		name="grand_noah"
		path={
			1170 1167 1165 1158 1159 1147 1148 1149 1187 1192 
		}
		control={
			4007.000000 1127.000000 
		}
	}
	outgoing={
		name="yamatai"
		path={
			1175 1201 
		}
		control={
			4087.000000 1181.000000 
		}
	}
	members={
		1174 1181 1182 1183 1134 1137 1138 1144 1145 1113 1131 1132 1133 1163 1168 1171 1146 1159 1176 1178 1150 1156 1157 1158 1165 1136 1151 1152 1153 1154 1155 1162 1164 1169 1172 1173 1175 1161 1166 1167 1170 1177 1179 1184 1185 2791 2792 2793 2794 2798 2799 2800 
	}
}
finoa={
	location=1102
	color={
		133 160 124 
	}
	outgoing={
		name="grand_noah"
		path={
			1105 1120 1125 1130 1192 
		}
		control={
			3967.000000 1053.000000 
		}
	}
	outgoing={
		name="the_navy"
		path={
			1100 1068 1057 1056 1061 1053 1052 105 479 
		}
		control={
			3912.000000 936.000000 
		}
	}
	members={
		1102 1103 1104 1105 1106 1070 1071 1096 1097 1099 1054 1059 1060 1062 1072 1073 1074 1077 1051 1052 1053 1061 1058 1063 1064 1066 1069 1098 1121 1122 1123 1068 1100 1101 1055 1056 1057 1067 1065 1089 1090 1091 1092 1093 1094 1095 1075 1076 1078 1079 1083 1084 1085 1086 1087 1080 1081 1082 1088 
	}
}
lyra_waterfall={
	location=1472
	color={
		79 184 142 
	}
	outgoing={
		name="esta"
		path={
			210 122 126 
		}
		control={
			3340.000000 1025.000000 3349.000000 955.000000 3449.000000 967.000000 3509.000000 972.000000 
		}
	}
	outgoing={
		name="lima"
		path={
			131 129 
		}
		control={
			3333.000000 1112.000000 3471.000000 1144.000000 
		}
	}
	members={
		1480 1485 1487 1489 1490 1458 1460 1461 1463 1468 1476 1477 1482 1483 1465 1466 1467 1469 1471 1472 1473 1475 1474 1478 1479 1481 1488 1491 1492 1498 1484 1486 1493 1494 1495 1496 1497 1499 1500 
	}
}
secluded_lands={
	location=1791
	color={
		88 144 218 
	}
	outgoing={
		name="succubus_village"
		path={
			1790 132 1693 1694 1695 1700 
		}
		control={
			3084.000000 1289.000000 
		}
	}
	outgoing={
		name="devastated_plains"
		path={
			1795 1793 1803 1802 132 1765 1772 1777 
		}
		control={
			3000.000000 1229.000000 
		}
	}
	outgoing={
		name="goddard"
		path={
			1788 1786 132 131 1520 1518 1515 
		}
		control={
			3198.000000 1172.000000 
		}
	}
	members={
		1791 1793 1795 1796 1798 1790 1792 1804 1805 1786 1787 1788 1789 1781 1782 1783 1784 1785 1794 1797 1799 1800 1801 1802 1803 1655 1656 1657 1660 1658 1661 1666 1667 1696 1697 1701 1710 1692 1695 1698 1699 1668 1669 1693 1694 
	}
}
devastated_plains={
	location=1777
	color={
		133 203 200 
	}
	outgoing={
		name="holy_wings_shrine"
		path={
			1833 1834 1827 
		}
		control={
			2895.000000 1385.000000 
		}
	}
	members={
		1828 1830 1845 1846 1892 1893 1829 1847 1881 1885 1895 1813 1814 1815 1817 1820 1816 1819 1821 1822 1823 1780 1807 1808 1810 1891 1811 1818 1848 1849 1886 1806 1809 1812 1773 1774 1775 1776 1778 1770 1771 1772 1777 1779 1762 1763 1764 1768 1769 1760 1761 1765 1766 1767 
	}
}
snow_shrine={
	location=2028
	color={
		95 104 163 
	}
	outgoing={
		name="snow_heaven"
		path={
			2012 2015 2014 2020 2029 2030 
		}
		control={
			2684.000000 1260.000000 
		}
	}
	members={
		2013 2016 2017 2018 2021 2022 2062 2063 2070 2071 2025 2026 2027 2028 2066 2068 2127 2128 2131 2132 2130 2133 2134 2135 2139 2023 2024 2064 2065 2067 2069 2136 2137 2138 2140 
	}
}
sedna={
	location=2433
	color={
		59 146 142 
	}
	outgoing={
		name="rostrum"
		path={
			113 19 20 
		}
		control={
			4236.000000 173.000000 
		}
	}
	outgoing={
		name="iliasville"
		path={
			113 112 98 41 
		}
		control={
			4074.000000 81.000000 3854.000000 88.000000 3758.000000 215.000000 
		}
	}
	outgoing={
		name="the_navy"
		path={
			113 21 7 22 345 352 366 417 419 434 435 436 106 105 479 
		}
		control={
			4264.000000 317.000000 4203.000000 532.000000 4178.000000 714.000000 3984.000000 783.000000 
		}
	}
	outgoing={
		name="yamatai"
		path={
			113 115 116 124 1152 1154 1155 1161 1167 1182 1183 1224 1223 
		}
		control={
			4316.000000 418.000000 4261.000000 869.000000 4195.000000 1176.000000 
		}
	}
	outgoing={
		name="san_ilia"
		path={
			113 112 98 101 100 67 109 581 582 
		}
		control={
			3474.000000 130.000000 3378.000000 482.000000 
		}
	}
	outgoing={
		name="snow_palace"
		path={
			113 112 111 121 125 2476 2500 
		}
		control={
			4077.000000 56.000000 3289.000000 84.000000 2753.000000 66.000000 
		}
	}
	members={
		2423 2424 2425 2448 2449 2420 2421 2422 2450 2418 2419 2451 2452 2453 2454 2444 2445 2446 2447 2430 2431 2432 2443 2426 2427 2428 2429 2435 2436 2437 2438 2439 2433 2434 2440 2441 2442 
	}
}
snow_palace={
	location=2500
	color={
		123 206 128 
	}
	outgoing={
		name="fairy_island"
		path={
			2499 2479 125 140 1012 1013 1014 
		}
		control={
			2488.000000 96.000000 
		}
	}
	outgoing={
		name="puppeteer_tower"
		path={
			2417 2466 111 120 657 658 660 661 697 206 724 718 712 715 
		}
		control={
			2729.000000 174.000000 3155.000000 506.000000 
		}
	}
	outgoing={
		name="sabasa"
		path={
			2476 125 139 733 736 753 755 751 744 
		}
		control={
			2773.000000 359.000000 
		}
	}
	outgoing={
		name="saloon"
		path={
			2476 125 139 726 894 902 904 909 911 914 
		}
		control={
			2226.000000 184.000000 2119.000000 345.000000 2088.000000 710.000000 2258.000000 928.000000 
		}
	}
	outgoing={
		name="ilias_temple_ruins"
		path={
			2476 125 140 848 849 851 854 859 860 862 864 867 868 877 142 217 2090 2089 2092 
		}
		control={
			2142.000000 214.000000 2201.000000 820.000000 2253.000000 1067.000000 
		}
	}
	members={
		2455 2456 2457 2458 2459 2460 2461 2462 2463 2464 2465 2466 2467 2468 2469 2470 2471 2472 2473 2474 2475 2476 2477 2478 2479 2480 2481 2482 2483 2484 2485 2486 2487 2488 2489 2490 2491 2492 2493 2494 2495 2496 2497 2498 2499 2500 
	}
}
rostrum={
	location=20
	color={
		87 70 168 
	}
	outgoing={
		name="pornof"
		path={
			113 5 
		}
		control={
			4044.000000 278.000000 3983.000000 273.000000 
		}
	}
	outgoing={
		name="happiness_village"
		path={
			13 11 22 341 342 343 367 
		}
		control={
			4153.000000 341.000000 4064.000000 414.000000 
		}
	}
	members={
		7 8 9 10 11 12 13 14 15 16 17 18 19 20 327 328 329 333 330 331 332 
	}
}
pornof={
	location=4
	color={
		218 215 56 
	}
	outgoing={
		name="iliasville"
		path={
			29 31 50 54 41 
		}
		control={
			3806.000000 279.000000 
		}
	}
	outgoing={
		name="happiness_village"
		path={
			27 33 339 343 367 
		}
		control={
			3926.000000 325.000000 
		}
	}
	members={
		1 2 3 4 5 6 26 27 28 29 30 31 32 33 34 35 36 37 338 372 376 378 383 370 373 374 375 377 334 336 371 385 386 387 
	}
}
iliasville={
	location=41
	color={
		177 111 110 
	}
	outgoing={
		name="irina_mountains"
		path={
			43 77 101 89 104 80 79 
		}
		control={
			3670.000000 409.000000 
		}
	}
	members={
		41 42 38 90 55 56 47 46 45 44 40 39 54 48 93 49 95 96 94 58 59 57 61 63 62 60 97 64 92 43 50 51 52 
	}
}
happiness_village={
	location=367
	color={
		198 127 168 
	}
	outgoing={
		name="midas"
		path={
			368 418 417 416 438 441 444 442 
		}
		control={
			4005.000000 506.000000 
		}
	}
	members={
		367 368 369 388 345 347 349 352 353 354 355 335 339 340 341 342 337 343 344 346 348 350 357 359 360 351 356 358 363 364 365 366 226 415 416 419 437 417 418 420 421 410 411 412 413 
	}
}
puppeteer_tower={
	location=715
	color={
		191 34 128 
	}
	outgoing={
		name="monte_carlo"
		path={
			714 603 651 650 
		}
		control={
			3219.000000 669.000000 
		}
	}
	members={
		665 667 669 670 691 660 661 662 664 694 717 720 723 719 721 724 699 700 701 206 722 725 705 706 708 702 703 704 711 713 714 715 716 668 671 672 673 663 666 692 693 695 696 697 698 707 709 710 712 718 2411 2412 2413 2414 2415 
	}
}
fairy_island={
	location=1014
	color={
		233 28 15 
	}
	outgoing={
		name="magistea_village"
		path={
			140 834 832 831 
		}
		control={
			2379.000000 536.000000 
		}
	}
	members={
		987 988 989 1006 1008 1010 1011 1005 1007 1009 223 1019 1020 1021 1012 1015 1016 1002 1003 1013 1014 1017 1022 1023 1024 1025 1028 1035 1026 1029 1030 1032 1034 1027 1031 1033 990 991 994 995 996 1001 1004 992 993 999 1000 997 998 1018 
	}
}
magistea_village={
	location=857
	color={
		58 56 103 
	}
	outgoing={
		name="sabasa"
		path={
			139 732 735 728 729 
		}
		control={
			2543.000000 361.000000 2823.000000 372.000000 
		}
	}
	outgoing={
		name="saloon"
		path={
			832 726 875 874 878 879 
		}
		control={
			2437.000000 760.000000 2535.000000 860.000000 
		}
	}
	members={
		831 832 834 837 852 853 855 856 857 851 854 858 859 847 849 842 844 845 846 850 833 835 836 839 840 860 864 865 866 861 862 863 869 870 871 874 875 876 867 868 872 873 838 841 843 848 986 
	}
}
irina_mountains={
	location=79
	color={
		230 149 147 
	}
	outgoing={
		name="iliasburg"
		path={
			84 76 100 309 310 316 
		}
		control={
			3570.000000 445.000000 
		}
	}
	members={
		79 77 65 71 70 69 75 68 66 101 72 73 74 78 85 83 88 82 103 86 87 102 80 104 81 84 76 308 309 312 313 
	}
}
midas={
	location=442
	color={
		146 187 186 
	}
	outgoing={
		name="iliasburg"
		path={
			106 390 389 391 326 318 316 
		}
		control={
			3862.000000 572.000000 
		}
	}
	outgoing={
		name="the_navy"
		path={
			106 105 479 
		}
		control={
			3963.000000 682.000000 3884.000000 726.000000 
		}
	}
	members={
		116 422 423 424 428 429 433 436 430 432 434 435 425 426 427 431 414 438 439 441 205 440 442 444 451 449 453 473 443 445 446 447 452 454 455 471 475 448 450 470 456 457 458 472 474 459 460 461 462 463 
	}
}
iliasburg={
	location=316
	color={
		211 11 57 
	}
	outgoing={
		name="port_natalia"
		path={
			318 325 324 108 528 
		}
		control={
			3729.000000 673.000000 
		}
	}
	members={
		310 311 314 315 316 317 318 319 320 321 322 323 324 325 326 379 380 381 382 384 389 390 391 392 393 394 395 396 397 398 399 400 401 402 403 404 405 407 406 408 409 
	}
}
ilias_temple_ruins={
	location=2092
	color={
		91 129 47 
	}
	outgoing={
		name="snow_heaven"
		path={
			2115 2117 2118 2074 2059 2030 
		}
		control={
			2424.000000 1184.000000 2508.000000 1249.000000 
		}
	}
	members={
		2111 2113 2115 2116 2119 2107 2109 2110 2112 2114 2048 2056 2057 2079 2080 2075 2076 2117 2118 2121 2050 2051 2058 2077 2078 2098 2099 2100 2103 2106 2101 2102 2104 2105 2108 2081 2082 2083 2084 2091 2038 2039 2040 2046 2055 2092 2093 2094 2095 2096 2097 2085 2086 2087 2088 2089 2090 
	}
}
penguin_coast={
	location=2507
	color={
		64 27 204 
	}
	outgoing={
		name="monster_lord_castle"
		path={
			162 151 2406 2403 2409 
		}
		control={
			2741.000000 1877.000000 
		}
	}
	outgoing={
		name="snow_heaven"
		path={
			162 200 144 1943 1981 1993 1982 2005 
		}
		control={
			2318.000000 1348.000000 
		}
	}
	outgoing={
		name="vampire_island"
		path={
			162 151 199 175 152 1904 1918 
		}
		control={
			2635.000000 1997.000000 3256.000000 1969.000000 3623.000000 1906.000000 
		}
	}
	outgoing={
		name="gold_coast"
		path={
			162 151 199 175 176 1591 1590 1588 1586 1579 1578 1585 1576 1575 
		}
		control={
			2776.000000 1604.000000 2925.000000 1524.000000 3184.000000 1499.000000 3421.000000 1441.000000 3561.000000 1438.000000 3600.000000 1343.000000 
		}
	}
	outgoing={
		name="north_coven"
		path={
			162 151 199 146 154 2570 
		}
		control={
			3319.000000 2032.000000 3966.000000 2032.000000 
		}
	}
	members={
		2525 2526 2527 2528 2529 2533 2535 2537 2538 2540 2530 2531 2532 2534 2536 2515 2516 2517 2518 2519 2520 2521 2522 2523 2524 2510 2511 2512 2513 2514 2163 2501 2502 2503 2505 2504 2506 2507 2508 2509 361 362 1332 1924 1925 
	}
}
north_coven={
	location=2570
	color={
		32 153 204 
	}
	outgoing={
		name="sealed_sinner_prison"
		path={
			154 146 175 2232 2233 
		}
		control={
			3726.000000 1762.000000 
		}
	}
	outgoing={
		name="vampire_island"
		path={
			154 152 1904 1918 
		}
		control={
			3982.000000 1751.000000 
		}
	}
	outgoing={
		name="gold_coast"
		path={
			154 152 177 203 1575 
		}
		control={
			3959.000000 1676.000000 3635.000000 1415.000000 
		}
	}
	outgoing={
		name="horai"
		path={
			154 152 177 203 1217 1216 
		}
		control={
			4190.000000 1424.000000 
		}
	}
	members={
		2571 2573 2575 2577 2416 2579 2580 2581 2582 2574 2576 2578 2568 2569 2570 2572 2539 2541 2542 2543 2544 2545 2546 2547 2548 2549 2550 2551 2552 2553 2554 2555 2556 2557 2558 2559 2563 2565 2566 2567 2600 2560 2561 2562 2564 2599 
	}
}
vampire_island={
	location=1918
	color={
		203 82 96 
	}
	outgoing={
		name="gold_coast"
		path={
			1904 152 177 203 1575 
		}
		control={
			3842.000000 1629.000000 3756.000000 1541.000000 3684.000000 1409.000000 
		}
	}
	outgoing={
		name="hellgondo_shrine"
		path={
			1919 152 175 2229 2223 2224 2225 2226 
		}
		control={
			3638.000000 1656.000000 
		}
	}
	members={
		227 1937 1938 1901 1903 1907 1935 1909 1910 1911 1913 1914 1902 1905 1906 1908 1915 1917 1927 1928 1931 1922 1933 1934 1936 1923 1929 1930 1932 1904 1919 1920 1921 222 1912 1916 1918 1926 
	}
}
horai={
	location=1216
	color={
		55 90 112 
	}
	outgoing={
		name="yamatai"
		path={
			2151 1212 1213 1223 
		}
		control={
			4147.000000 1242.000000 
		}
	}
	members={
		2145 2146 2147 2148 2154 2156 2158 2160 2141 2142 2143 2144 2151 2152 2153 2155 2177 2178 2179 2180 2181 2171 2172 2173 2176 2167 2168 2169 2174 216 2170 2175 2161 2162 2164 2165 2166 1215 1217 2149 2159 1214 1216 2150 2157 2795 2796 2797 
	}
}
yamatai={
	location=1223
	color={
		50 152 211 
	}
	outgoing={
		name="grand_noah"
		path={
			1175 1174 1170 1167 1165 1158 1159 1147 1148 1149 1187 1192 
		}
		control={
			4043.000000 1201.000000 3986.000000 1163.000000 
		}
	}
	members={
		1201 1202 1203 1204 1206 1207 1213 1223 1224 1205 1208 1209 1210 1211 1242 1244 1245 1247 1243 1246 1248 1249 1237 1238 1239 1240 1241 1220 1221 1229 1230 1231 1212 1218 1219 1222 1232 1233 1234 1235 1236 1225 1226 1227 1228 
	}
}
snow_heaven={
	location=2005
	color={
		27 238 117 
	}
	outgoing={
		name="snow_cave"
		path={
			1994 2005 1982 1993 1991 1945 
		}
		control={
			2539.000000 1343.000000 
		}
	}
	members={
		2030 2031 2054 2059 2074 2032 2033 2049 2052 2053 2060 2061 2072 2073 2123 2124 2120 2122 2125 2126 2129 1982 1989 1992 1994 1998 2005 2010 1996 2008 2009 2020 2029 1986 2007 2014 2015 2019 1984 1985 2003 2011 2012 1997 2041 2043 2045 2047 2035 2036 2037 2042 2044 
	}
}
snow_cave={
	location=1949
	color={
		29 36 124 
	}
	outgoing={
		name="holy_wings_shrine"
		path={
			1943 1942 217 143 1838 1839 1844 1834 1827 
		}
		control={
			2672.000000 1440.000000 
		}
	}
	outgoing={
		name="saloon"
		path={
			1991 1959 1989 2010 2033 2053 2076 2114 2112 2111 217 137 882 880 879 
		}
		control={
			2703.000000 1388.000000 2850.000000 1198.000000 2769.000000 956.000000 
		}
	}
	members={
		1942 1943 1944 1947 1983 1951 1962 1965 1974 1975 1946 1952 1954 1966 1968 1970 1948 1949 1950 1955 1963 1959 1972 1973 1991 1993 1961 1979 1988 1990 2001 2002 1978 1987 1999 2000 2034 1953 1956 1964 1967 1976 1980 1957 1958 1960 1969 1971 1977 1945 1981 1995 2004 2006 
	}
}
saloon={
	location=914
	color={
		22 163 80 
	}
	outgoing={
		name="grandeur"
		path={
			878 883 891 894 778 
		}
		control={
			2622.000000 787.000000 
		}
	}
	members={
		879 880 881 882 877 878 884 896 897 901 905 892 893 895 898 883 888 891 911 913 914 916 918 906 917 919 920 921 922 925 885 886 887 889 890 907 909 910 912 915 923 924 894 899 902 904 900 903 908 1040 1044 1045 1049 1036 1037 1038 1039 218 1046 1048 1050 1041 1042 1043 1047 1939 1940 1941 
	}
}
holy_wings_shrine={
	location=1838
	color={
		55 139 207 
	}
	outgoing={
		name="lady_village"
		path={
			1834 1835 1836 1735 1899 1728 
		}
		control={
			2893.000000 1492.000000 
		}
	}
	members={
		1827 1831 1832 1833 1834 1835 1836 1837 1838 1839 1840 1841 1842 1843 1844 1850 1852 1853 1854 1855 1856 1857 1858 1859 1860 1861 1862 1863 1864 1865 1866 1867 1868 1869 1870 1871 1872 1873 1874 1875 1876 1877 1878 1879 1880 1882 1883 1884 1887 1888 1889 1890 1894 1896 1897 
	}
}
lady_village={
	location=1728
	color={
		210 182 223 
	}
	outgoing={
		name="succubus_village"
		path={
			1729 1723 1722 1740 1742 1713 1712 1705 1700 
		}
		control={
			3012.000000 1435.000000 
		}
	}
	outgoing={
		name="hellgondo_tartarus"
		path={
			145 2260 2273 2274 
		}
		control={
			3023.000000 1573.000000 
		}
	}
	members={
		1728 1729 1730 1731 1732 1735 1736 1900 1737 1749 1824 1825 1826 1754 1755 1756 1759 1745 1748 1751 1757 1758 1744 1747 1750 1752 1753 1738 1739 1743 1746 1715 1725 1726 1727 1721 1722 1723 1724 1719 1740 1741 1742 1733 1734 1898 1899 1716 1717 1718 1720 
	}
}
succubus_village={
	location=1705
	color={
		167 25 124 
	}
	outgoing={
		name="grangold"
		path={
			1699 1685 1684 1674 1663 1645 1642 1635 1628 1627 1552 
		}
		control={
			3274.000000 1336.000000 
		}
	}
	outgoing={
		name="hellgondo_shrine"
		path={
			1706 1689 1686 1681 1678 201 2192 2193 2208 2226 
		}
		control={
			3181.000000 1466.000000 
		}
	}
	members={
		1700 1704 1705 1711 1712 1686 1687 1690 1708 1709 1713 1714 1639 1644 1646 1647 1662 1650 1659 1663 1664 1623 1629 1632 1637 1638 1678 1680 1681 1682 1641 1671 1672 1673 1676 1640 1670 1677 1679 1665 1674 1675 1684 1691 1689 1703 1706 1707 1683 1685 1688 1702 
	}
}
st_amos={
	location=598
	color={
		158 230 36 
	}
	outgoing={
		name="port_marle"
		path={
			589 585 574 573 563 555 538 535 512 509 498 497 496 529 528 
		}
		control={
			3475.000000 856.000000 
		}
	}
	outgoing={
		name="san_ilia"
		path={
			591 587 583 582 
		}
		control={
			3385.000000 787.000000 
		}
	}
	members={
		598 599 600 564 570 572 587 588 591 592 593 597 585 586 589 590 571 577 584 578 583 594 
	}
}
port_natalia={
	location=528
	color={
		191 104 139 
	}
	outgoing={
		name="the_navy"
		path={
			492 106 105 479 
		}
		control={
			3844.000000 735.000000 
		}
	}
	outgoing={
		name="san_ilia"
		path={
			494 500 530 502 504 516 517 546 559 567 580 582 
		}
		control={
			3560.000000 695.000000 
		}
	}
	members={
		501 502 505 530 493 494 500 528 498 509 512 513 503 506 507 524 514 520 521 522 534 541 495 499 525 527 504 515 516 519 491 492 529 531 496 497 526 
	}
}
san_ilia={
	location=582
	color={
		85 161 116 
	}
	outgoing={
		name="monte_carlo"
		path={
			595 625 628 646 650 
		}
		control={
			3307.750000 725.090027 
		}
	}
	outgoing={
		name="port_marle"
		path={
			561 541 532 
		}
		control={
			3499.000000 790.000000 
		}
	}
	members={
		517 518 523 536 542 543 544 545 546 547 548 549 550 556 557 558 559 560 561 562 567 568 569 579 580 581 582 595 596 2591 2592 2593 2594 2586 2590 2602 2584 2589 2601 2585 2587 2588 2596 2583 2595 2597 2598 
	}
}
monte_carlo={
	location=650
	color={
		77 224 231 
	}
	outgoing={
		name="sabasa"
		path={
			649 603 676 729 
		}
		control={
			3109.000000 661.000000 2982.000000 534.000000 
		}
	}
	members={
		626 628 632 652 653 655 656 657 658 659 627 631 654 649 650 651 689 630 644 645 646 682 683 684 685 679 680 681 674 675 676 677 678 686 687 688 
	}
}
sabasa={
	location=744
	color={
		22 178 179 
	}
	outgoing={
		name="grandeur"
		path={
			737 740 748 745 744 747 804 801 798 795 789 776 778 
		}
		control={
			2667.000000 680.000000 
		}
	}
	members={
		729 730 731 737 738 740 757 758 742 743 744 745 747 751 754 755 756 746 748 749 750 752 753 741 759 760 727 732 733 728 734 735 736 739 
	}
}
grandeur={
	location=789
	color={
		89 204 229 
	}
	members={
		778 779 780 781 782 783 784 785 786 762 764 765 772 775 796 797 798 771 773 777 774 776 788 789 792 787 790 791 761 763 766 767 768 769 770 800 804 805 793 794 795 799 801 802 803 
	}
	end=yes
}
port_marle={
	location=539
	color={
		186 30 131 
	}
	outgoing={
		name="the_navy"
		path={
			589 585 574 573 563 555 538 535 512 509 498 497 496 529 528 
		}
		control={
			3622.000000 833.000000 
		}
	}
	outgoing={
		name="esta"
		path={
			122 126 
		}
		control={
			3504.000000 909.000000 
		}
	}
	members={
		576 574 573 565 563 553 555 552 538 535 537 540 539 533 532 511 510 508 551 554 566 575 
	}
}
esta={
	location=1431
	color={
		32 117 86 
	}
	outgoing={
		name="plansect_village"
		path={
			127 
		}
		control={
			3587.000000 1026.000000 
		}
	}
	outgoing={
		name="undine_spring"
		path={
			127 
		}
		control={
			3495.000000 1036.000000 3481.000000 1071.000000 3540.000000 1082.000000 
		}
	}
	members={
		1347 1346 1344 1431 1432 1435 1433 1434 1426 1428 1427 1429 1439 1444 1446 1441 1440 1438 1436 1437 1443 1442 1445 1447 1452 1470 1459 1454 1451 1453 1448 1450 1455 1449 1354 1348 1349 1342 1345 1343 1341 1338 1340 
	}
}
lima={
	location=1507
	color={
		127 72 111 
	}
	outgoing={
		name="goddard"
		path={
			135 
		}
		control={
			3438.820068 1172.290039 
		}
	}
	outgoing={
		name="undine_spring"
		path={
			129 1410 1405 1400 
		}
		control={
			3541.000000 1143.000000 
		}
	}
	members={
		1507 1508 1510 1509 1506 1505 1503 1502 1504 1501 1464 1423 1462 1422 1424 1430 1456 1457 1421 1425 1419 1420 1418 1417 1415 1412 1411 1413 1408 1405 1399 1394 1410 
	}
}
the_navy={
	location=479
	color={
		15 91 200 
	}
	outgoing={
		name="grand_noah"
		path={
			105 1051 1053 1061 1056 1067 1070 1099 1104 1120 1125 1130 1192 
		}
		control={
			3981.000000 923.000000 4070.000000 1010.000000 4011.000000 1104.000000 
		}
	}
	members={
		479 480 481 490 476 477 478 487 224 484 486 489 482 483 485 488 466 467 468 469 464 465 208 2777 2778 2779 2780 2781 2774 2775 2776 2782 2783 2784 2785 
	}
}
plansect_village={
	location=1362
	color={
		223 32 147 
	}
	outgoing={
		name="grand_noah"
		path={
			1365 1367 1369 1319 1317 1307 1306 1299 1296 1266 1200 1194 1192 
		}
		control={
			3738.000000 1038.000000 3856.000000 1038.000000 
		}
	}
	outgoing={
		name="undine_spring"
		path={
			127 1395 
		}
		control={
			3614.000000 1085.000000 
		}
	}
	members={
		1362 1363 1364 1365 1366 1335 1336 1352 1357 1350 1351 1353 1355 1356 1319 1322 1360 1321 1323 1324 1325 1331 1306 1308 1309 1310 1311 1318 1320 1333 1334 1339 1337 1358 1359 1361 1367 1370 1374 1326 1327 1328 1329 1330 
	}
}
undine_spring={
	location=1395
	color={
		128 207 104 
	}
	outgoing={
		name="gold_coast"
		path={
			1392 1386 138 
		}
		control={
			3639.000000 1200.000000 
		}
	}
	outgoing={
		name="cow_demon_castle"
		path={
			1390 1392 1386 138 1277 1279 1280 1286 1287 1290 
		}
		control={
			3678.000000 1140.000000 
		}
	}
	members={
		1395 1401 1402 1403 1404 1375 1376 1379 1381 1382 1372 1378 1380 1390 1391 1392 1393 1398 1383 1384 1385 1386 1396 1397 1400 1406 1407 1409 1414 1416 1388 1389 1387 1373 1377 1369 1371 1368 1316 1314 1315 1317 
	}
}
goddard={
	location=1515
	color={
		228 160 143 
	}
	outgoing={
		name="grangold"
		path={
			1517 1538 1548 1550 1552 
		}
		control={
			3398.000000 1251.000000 
		}
	}
	outgoing={
		name="gold_coast"
		path={
			1516 1547 1553 1556 1557 1564 1562 1563 1565 1567 1570 1571 1574 1575 
		}
		control={
			3558.000000 1221.000000 
		}
	}
	members={
		1515 1517 1518 1519 1532 1511 1512 1520 1521 1513 1514 1516 1527 1534 1649 1652 1654 214 1523 1524 1525 1526 1522 1528 1529 1531 1533 1538 1547 1553 1556 1544 1554 1555 1530 1535 1540 1545 1536 1537 1539 1541 
	}
}
gold_coast={
	location=1575
	color={
		171 103 178 
	}
	outgoing={
		name="grangold"
		path={
			1574 1585 1578 1579 1584 1583 1589 1587 1596 1601 1600 1605 1552 
		}
		control={
			3546.000000 1304.000000 
		}
	}
	members={
		1575 1576 1577 1582 1578 1579 1580 1585 1581 1583 1586 1588 1565 1567 1573 1584 1570 1571 1572 1574 1590 1591 1592 1593 1594 1558 1559 1560 1561 1562 1557 1564 1569 1595 1598 1563 1566 1568 1587 1589 1596 1597 1601 1602 1603 1604 1607 1609 2608 2611 2613 2614 2607 2609 2610 2604 2605 2606 2615 2616 2617 2620 2603 2612 2618 2619 
	}
}
cow_demon_castle={
	location=1290
	color={
		225 231 15 
	}
	outgoing={
		name="grand_noah"
		path={
			1290 1289 1284 1282 1272 1270 1269 1267 1261 1263 1264 1262 1194 1192 
		}
		control={
			3863.000000 1173.000000 3866.000000 1116.000000 
		}
	}
	members={
		1288 1290 1291 1292 1293 1279 1280 1285 1286 1283 1284 1287 1289 1301 1302 1303 1312 1261 1267 1269 1270 1274 1275 1276 1277 1304 1305 1307 1313 1256 1258 1259 1272 1281 1282 1271 1273 1278 1251 1252 1253 1254 
	}
}
grangold={
	location=1552
	color={
		212 195 44 
	}
	outgoing={
		name="hellgondo_shrine"
		path={
			1626 1625 1624 1622 1621 201 2192 2193 2208 2226 
		}
		control={
			3447.000000 1505.000000 
		}
	}
	members={
		1552 1605 1625 1626 1627 1628 1630 1631 1633 1634 1645 1648 1651 1653 1851 1617 1618 1620 1621 1622 1614 1619 1624 1600 1608 1610 1612 1613 1606 1611 1615 1616 1543 1546 1549 1551 1542 1635 1636 1642 1643 1548 1550 1599 
	}
}
hellgondo_shrine={
	location=2226
	color={
		132 118 42 
	}
	outgoing={
		name="hellgondo_tartarus"
		path={
			2216 2201 2209 2210 2212 2244 2255 2276 2277 2278 2273 2274 
		}
		control={
			3235.000000 1629.000000 3104.000000 1620.000000 
		}
	}
	outgoing={
		name="sealed_sinner_prison"
		path={
			2227 2228 2230 2233 
		}
		control={
			3436.000000 1693.000000 
		}
	}
	members={
		2211 2212 2243 2244 2208 2216 2226 2236 2237 2185 2186 2187 2188 2189 2191 2192 2193 2195 2197 2219 2223 2224 2228 2229 2194 2220 2221 2222 2218 2225 2227 2198 2199 2206 2207 2210 2200 2202 2203 2204 2205 2182 2183 2184 2190 2196 2213 2245 2287 2288 2289 2201 2209 2214 2215 2217 
	}
}
sealed_sinner_prison={
	location=2233
	color={
		130 194 66 
	}
	outgoing={
		name="monster_lord_castle"
		path={
			2234 2235 2313 2314 2250 2249 2248 2354 2356 2358 2368 2382 2386 2398 2409 
		}
		control={
			3380.000000 1801.000000 3206.000000 1832.000000 
		}
	}
	members={
		2230 2231 2232 2233 2234 2330 2337 2338 2339 2342 2340 2341 2343 2344 2345 2331 2332 2333 2334 2336 2335 2350 2352 2353 2346 2347 2348 2349 2351 2235 2311 2312 2313 2315 2306 2307 2308 2310 2309 2319 2320 2321 2322 2240 2241 2246 2247 2248 2316 2317 2318 2323 2324 2325 2326 2327 2328 2329 2238 2239 2249 2250 2314 
	}
}
hellgondo_tartarus={
	location=2274
	color={
		89 69 212 
	}
	outgoing={
		name="monster_lord_castle"
		path={
			2301 2304 2362 2364 2395 2397 2409 
		}
		control={
			3018.000000 1766.000000 
		}
	}
	members={
		2242 2251 2252 2253 2254 2255 2256 2257 2258 2259 2260 2261 2262 2263 2264 2265 2266 2267 2268 2269 2270 2271 2272 2273 2274 2275 2276 2277 2278 2279 2280 2281 2282 2283 2284 2285 2286 2290 2291 2292 2293 2294 2295 2296 2297 2298 2299 2300 2301 2302 
	}
}
monster_lord_castle={
	location=2409
	color={
		160 50 16 
	}
	members={
		2397 2398 2403 2404 2409 2410 2372 2373 2374 2376 2366 2382 2383 2385 2386 219 2405 2406 2407 2408 2364 2365 2384 2394 2395 2303 2304 2305 2361 2362 2363 2391 2392 2393 2396 2354 2355 2356 2357 2370 2371 2358 2359 2360 2367 2368 2390 2399 2400 2401 2402 2369 2378 2380 2381 2387 2375 2377 2379 2388 2389 
	}
	end=yes
}
grand_noah={
	location=1192
	color={
		26 220 176 
	}
	members={
		1192 1193 1194 1195 1200 1189 1191 1196 1197 1147 1148 1149 1160 1180 1186 1198 1199 1187 1188 1190 1120 1124 1125 1126 1130 1114 1115 1116 1117 1135 1108 1110 1118 1119 1127 1128 1129 1142 1139 1140 1141 1143 1107 1109 1111 1112 1250 1255 1257 1260 1262 1264 1265 1266 1263 1268 1294 1295 1297 1296 1298 1299 1300 
	}
	end=yes
}
makai_enrika_tradenode={
	location=3541
	color={
		54 137 191 
	}
	outgoing={
		name="makai_mithra_tradenode"
		path={
			3540 3527 3524 
		}
		control={
			1269.000000 297.000000 
		}
	}
	outgoing={
		name="makai_natalia_tradenode"
		path={
			3537 3535 3531 2748 3262 
		}
		control={
			1372.000000 383.000000 1419.000000 471.000000 1374.000000 599.000000 
		}
	}
	members={
		2817 3482 3488 3493 3494 3496 3497 3500 3501 3502 3504 3511 3514 3516 3517 3518 3521 3527 3528 3530 3531 3532 3533 3534 3535 3536 3537 3538 3539 3540 3541 3542 3543 3544 3545 3546 3547 3548 3549 3550 3551 3552 3553 
	}
}
makai_gold_train_station_tradenode={
	location=2822
	color={
		87 153 64 
	}
	outgoing={
		name="makai_succubus_village_tradenode"
		path={
			2823 2826 2832 2834 2843 
		}
		control={
			834.000000 1428.000000 
		}
	}
	outgoing={
		name="makai_goldport_tradenode"
		path={
			2890 2897 2898 2943 2949 2952 
		}
		control={
			1066.000000 1438.000000 
		}
	}
	outgoing={
		name="makai_hellgondo_train_station_tradenode"
		path={
			2820 2821 
		}
		control={
			972.000000 1495.000000 
		}
	}
	members={
		2822 2823 2824 2825 2828 2829 2830 2831 2883 2884 2885 2886 2887 2889 2890 2891 2892 2893 2894 2895 2896 2897 2898 2900 2901 2902 2903 2905 2906 2907 2908 2914 2944 4040 4042 4043 4044 4045 4046 4047 4048 4049 4050 4053 4054 4055 4063 4064 
	}
}
makai_goldport_tradenode={
	location=2952
	color={
		32 147 209 
	}
	outgoing={
		name="makai_grangold_tradenode"
		path={
			2956 2957 2953 3003 2938 
		}
		control={
			1158.000000 1322.000000 
		}
	}
	members={
		2915 2916 2924 2925 2926 2934 2935 2943 2945 2946 2947 2948 2949 2950 2951 2952 2953 2954 2955 2956 2957 2958 3005 4056 4057 4058 4059 4060 4061 4062 4065 
	}
}
makai_mithra_tradenode={
	location=3524
	color={
		93 95 18 
	}
	outgoing={
		name="makai_natalia_tradenode"
		path={
			2748 3262 
		}
		control={
			1233.000000 438.000000 
		}
	}
	outgoing={
		name="makai_san_ilia_tradenode"
		path={
			2748 3360 
		}
		control={
			1169.000000 448.000000 
		}
	}
	members={
		3481 3483 3484 3485 3486 3487 3489 3490 3491 3492 3495 3498 3499 3503 3505 3506 3507 3508 3509 3510 3512 3513 3515 3519 3520 3522 3523 3524 3525 3526 3529 
	}
}
makai_natalia_tradenode={
	location=3262
	color={
		57 95 225 
	}
	outgoing={
		name="makai_san_ilia_tradenode"
		path={
			3267 3260 3274 3268 3286 3289 3322 3326 3325 3332 3334 3335 3359 3360 
		}
		control={
			1258.000000 738.000000 
		}
	}
	outgoing={
		name="makai_harpy_village_tradenode"
		path={
			2729 3222 3217 3214 3213 
		}
		control={
			1522.000000 838.000000 
		}
	}
	members={
		3260 3261 3262 3263 3264 3265 3266 3267 3268 3269 3270 3271 3272 3273 3274 3275 3276 3277 3278 3279 3280 3281 3282 3283 3284 3285 3286 3287 3288 3289 3290 3291 3292 3293 3294 3295 3296 3297 3298 3299 3300 3301 3302 3303 3304 3305 3306 3307 3308 3311 3312 3313 3314 3321 3322 3323 3326 3346 3604 
	}
}
makai_puppeteer_tower_tradenode={
	location=3471
	color={
		115 103 27 
	}
	outgoing={
		name="makai_san_ilia_tradenode"
		path={
			3470 2815 3409 3410 3412 3380 3382 3363 3360 
		}
		control={
			944.000000 620.000000 
		}
	}
	outgoing={
		name="makai_sabasa_tradenode"
		path={
			3468 2815 3440 3568 3556 3567 3571 3574 3575 3584 
		}
		control={
			875.000000 526.000000 497.000000 506.000000 
		}
	}
	outgoing={
		name="ambrosia_tradenode"
		path={
			3472 2815 3438 3428 3422 
		}
		control={
			908.000000 706.000000 
		}
	}
	members={
		3407 3408 3409 3410 3430 3441 3442 3443 3444 3445 3446 3447 3448 3449 3450 3451 3452 3453 3454 3455 3456 3457 3458 3459 3460 3461 3462 3463 3464 3465 3466 3467 3468 3469 3470 3471 3472 3473 3474 3475 3476 3477 3478 3479 3480 
	}
}
makai_ghatanothoa_tradenode={
	location=3039
	color={
		11 135 158 
	}
	outgoing={
		name="makai_plansect_tradenode"
		path={
			3043 3048 3053 3101 
		}
		control={
			1314.000000 1106.000000 1351.000000 1076.000000 
		}
	}
	outgoing={
		name="makai_goldfort_tradenode"
		path={
			3040 3008 3006 3010 2820 2921 2922 2929 
		}
		control={
			1148.000000 1116.000000 
		}
	}
	members={
		2813 2994 2995 2996 2997 2998 2999 3000 3006 3007 3008 3009 3010 3011 3012 3013 3014 3015 3016 3017 3018 3019 3020 3021 3022 3023 3024 3025 3026 3027 3028 3029 3030 3031 3032 3033 3034 3035 3036 3037 3038 3039 3040 3041 3042 3043 3044 3045 3046 3047 3048 3049 3050 3051 3052 3054 3603 
	}
}
makai_harpy_village_tradenode={
	location=3213
	color={
		161 61 219 
	}
	outgoing={
		name="makai_grand_noah_tradenode"
		path={
			3212 3189 3190 3188 3120 3122 
		}
		control={
			1694.000000 1092.000000 
		}
	}
	outgoing={
		name="makai_yamatai_tradenode"
		path={
			3211 3201 3191 3192 3196 3180 3181 3177 3171 3170 3168 3148 
		}
		control={
			1693.000000 977.000000 1801.000000 1018.000000 
		}
	}
	members={
		3200 3203 3204 3205 3208 3209 3210 3211 3212 3213 3214 3215 3216 3217 3218 3219 3220 3221 3222 3223 3224 3225 3226 3227 3228 3229 3230 3231 3232 3233 3234 3235 3236 3237 3238 3239 3240 3241 3242 3243 3244 3245 3246 3247 3248 3249 3250 3251 3252 3253 3254 3255 3256 3257 3258 3259 3345 
	}
}
ambrosia_tradenode={
	location=3422
	color={
		205 203 67 
	}
	outgoing={
		name="makai_san_ilia_tradenode"
		path={
			3421 3425 3424 3381 3385 3362 3361 3360 
		}
		control={
			1003.000000 747.000000 
		}
	}
	outgoing={
		name="makai_sabasa_tradenode"
		path={
			2812 3569 3570 3571 3574 3575 3584 
		}
		control={
			750.000000 603.000000 617.000000 519.000000 484.000000 567.000000 
		}
	}
	members={
		3386 3390 3391 3392 3393 3394 3395 3396 3397 3398 3399 3400 3401 3402 3403 3404 3405 3412 3413 3414 3415 3416 3417 3418 3419 3420 3421 3422 3423 3425 3426 3427 3428 3429 3431 3432 3433 3434 3435 3436 3437 3438 3439 3440 3602 
	}
}
makai_san_ilia_tradenode={
	location=3360
	color={
		95 35 192 
	}
	outgoing={
		name="makai_plansect_tradenode"
		path={
			3359 3336 3337 3329 3341 3343 3342 3344 2729 3101 
		}
		control={
			1160.000000 788.000000 
		}
	}
	members={
		3309 3310 3315 3316 3317 3318 3319 3320 3324 3325 3327 3328 3329 3330 3331 3332 3333 3334 3335 3336 3337 3338 3339 3340 3341 3342 3343 3344 3347 3348 3349 3350 3351 3352 3353 3354 3355 3356 3357 3358 3359 3360 3361 3362 3363 3364 3365 3366 3367 3368 3369 3370 3371 3372 3373 3374 3375 3376 3377 3378 3379 3380 3381 3382 3383 3384 3385 3387 3388 3389 3406 3411 3424 3601 
	}
}
makai_plansect_tradenode={
	location=3101
	color={
		211 127 122 
	}
	outgoing={
		name="makai_grand_noah_tradenode"
		path={
			3063 3062 3057 3089 3094 3096 3099 3116 3118 3120 3122 
		}
		control={
			1552.000000 1096.000000 
		}
	}
	members={
		3053 3055 3056 3057 3058 3059 3060 3061 3062 3063 3064 3065 3066 3067 3068 3069 3070 3071 3072 3073 3074 3075 3076 3077 3078 3079 3080 3082 3083 3084 3085 3086 3101 
	}
}
makai_grand_noah_tradenode={
	location=3122
	color={
		147 136 36 
	}
	outgoing={
		name="makai_yamatai_tradenode"
		path={
			3130 3132 3164 3165 3166 3167 3161 3148 
		}
		control={
			1804.000000 1160.000000 
		}
	}
	members={
		3081 3087 3088 3089 3090 3091 3092 3093 3094 3095 3096 3097 3098 3099 3100 3102 3103 3104 3105 3106 3107 3108 3109 3110 3111 3112 3113 3114 3115 3116 3117 3118 3119 3120 3121 3122 3123 3124 3125 3126 3127 3130 3131 3132 3178 3179 3180 3181 3182 3188 3189 3190 3191 3192 3196 3197 3198 3201 3206 3207 4088 
	}
}
makai_yamatai_tradenode={
	location=3148
	color={
		111 33 100 
	}
	members={
		3128 3129 3133 3134 3135 3136 3137 3138 3139 3140 3141 3142 3143 3144 3145 3146 3147 3148 3149 3150 3151 3152 3153 3154 3155 3156 3157 3158 3159 3160 3161 3162 3163 3164 3165 3166 3167 3168 3169 3170 3171 3172 3173 3174 3175 3176 3177 3183 3184 3185 3186 3187 3199 3202 4066 4067 4068 4069 4070 4071 4072 4073 4074 4075 4076 4077 4078 4079 4080 4081 4082 4083 4084 4085 4086 4087 4089 4090 
	}
	end=yes
}
makai_sabasa_tradenode={
	location=3584
	color={
		95 58 28 
	}
	outgoing={
		name="makai_safar_ruins_tradenode"
		path={
			3595 3195 3194 3620 3645 
		}
		control={
			479.000000 742.000000 
		}
	}
	members={
		3554 3555 3556 3557 3558 3559 3560 3561 3562 3563 3564 3565 3566 3567 3568 3569 3570 3571 3572 3573 3574 3575 3576 3577 3578 3579 3580 3581 3582 3583 3584 3585 3586 3587 3588 3589 3590 3591 3592 3593 3594 3595 3596 3597 3598 3599 3600 
	}
}
makai_safar_ruins_tradenode={
	location=3645
	color={
		217 89 75 
	}
	outgoing={
		name="makai_great_pirate_cave_tradenode"
		path={
			3619 3618 3617 3615 3658 3663 3666 3669 3670 3677 
		}
		control={
			457.000000 871.000000 294.000000 924.000000 
		}
	}
	members={
		3193 3194 3195 3605 3606 3607 3608 3609 3610 3611 3612 3613 3614 3615 3616 3617 3618 3619 3620 3621 3622 3623 3624 3625 3626 3627 3628 3629 3630 3631 3632 3633 3634 3635 3636 3637 3638 3639 3640 3641 3642 3643 3644 3645 3646 3647 3648 3649 3650 3651 3652 3653 3654 3655 3656 3657 3658 3659 3660 3661 3662 3663 3664 3665 3666 3667 
	}
}
makai_great_pirate_cave_tradenode={
	location=3677
	color={
		33 110 133 
	}
	outgoing={
		name="makai_succubus_village_tradenode"
		path={
			3670 3669 3665 3662 3661 3660 3657 3654 3651 3649 3647 3640 3638 3635 3633 2812 3747 3759 3746 3732 2820 2835 2834 2843 
		}
		control={
			158.000000 1099.000000 487.000000 1318.000000 
		}
	}
	members={
		3668 3669 3670 3671 3672 3673 3674 3675 3676 3677 3678 3679 3680 3681 3682 3683 3684 3685 3686 3687 3688 3689 3690 3691 3692 3693 3694 3695 3696 3697 3698 3699 3700 3701 3702 3703 3704 3705 3706 3707 3708 3709 3710 3711 3712 
	}
}
makai_succubus_village_tradenode={
	location=2843
	color={
		71 75 186 
	}
	outgoing={
		name="makai_tartarus_tradenode"
		path={
			2840 2836 2820 2812 2818 
		}
		control={
			796.000000 1505.000000 735.000000 1609.000000 
		}
	}
	outgoing={
		name="makai_goldfort_tradenode"
		path={
			2879 2881 2887 2899 2905 2913 2918 3001 2922 2929 
		}
		control={
			774.000000 1313.000000 828.000000 1185.000000 951.000000 1126.000000 
		}
	}
	members={
		2826 2827 2832 2833 2834 2835 2836 2837 2838 2839 2840 2841 2842 2843 2844 2845 2846 2847 2848 2849 2850 2851 2852 2853 2854 2855 2856 2857 2858 2859 2860 2861 2862 2863 2864 2865 2866 2867 2868 2869 2870 2871 2872 2873 2874 2875 2876 2877 2878 2879 2880 2881 2882 4051 4052 
	}
}
makai_goldfort_tradenode={
	location=2929
	color={
		78 55 20 
	}
	outgoing={
		name="makai_grangold_tradenode"
		path={
			2928 2932 2937 2938 
		}
		control={
			1122.000000 1215.000000 
		}
	}
	members={
		2888 2899 2904 2909 2910 2911 2912 2913 2917 2918 2919 2920 2921 2922 2923 2927 2928 2929 2930 2931 2932 2933 3001 3002 4038 4039 4041 
	}
}
makai_grangold_tradenode={
	location=2938
	color={
		80 55 204 
	}
	outgoing={
		name="makai_hellgondo_train_station_tradenode"
		path={
			2936 2950 2948 2947 2944 2898 2820 2821 
		}
		control={
			1259.000000 1336.000000 1230.000000 1458.000000 1063.000000 1475.000000 
		}
	}
	members={
		2936 2937 2938 2939 2940 2941 2942 2959 2960 2961 2962 2963 2964 2965 2966 2967 2968 2969 2970 2971 2972 2973 2974 2975 2976 2977 2978 2979 2980 2981 2982 2983 2984 2985 2986 2987 2988 2989 2990 2991 2992 2993 3003 3004 4036 4037 
	}
}
makai_hellgondo_train_station_tradenode={
	location=2821
	color={
		128 222 66 
	}
	outgoing={
		name="makai_hellgondo_shrine_tradenode"
		path={
			3768 3770 3787 3794 3795 3796 3840 3833 
		}
		control={
			1086.000000 1631.000000 
		}
	}
	outgoing={
		name="makai_tartarus_tradenode"
		path={
			2820 3726 3727 2818 
		}
		control={
			864.000000 1636.000000 
		}
	}
	members={
		2821 3751 3752 3755 3756 3757 3758 3762 3763 3764 3765 3766 3767 3768 3769 3770 3771 3772 3773 3774 3775 3776 3777 3778 3779 3780 3781 3782 3783 3784 3785 3786 3787 3788 3789 3790 3791 3792 3793 3799 3800 
	}
}
makai_hellgondo_shrine_tradenode={
	location=3833
	color={
		49 97 205 
	}
	outgoing={
		name="makai_sealed_sinner_prison_tradenode"
		path={
			3835 3834 3838 3849 3848 3858 
		}
		control={
			1201.000000 1743.000000 
		}
	}
	outgoing={
		name="dark_goddess_tradenode"
		path={
			3840 3841 3843 4001 4002 3982 3983 3984 3975 3971 3970 3951 3943 3938 3935 2819 
		}
		control={
			1037.000000 1758.000000 931.000000 1810.000000 
		}
	}
	members={
		3794 3795 3796 3797 3798 3801 3802 3803 3804 3805 3806 3807 3808 3809 3810 3811 3812 3813 3814 3815 3816 3817 3818 3819 3820 3821 3822 3823 3824 3825 3826 3827 3828 3829 3830 3831 3832 3833 3834 3835 3836 3837 3838 3840 3841 3842 3843 3844 3845 3911 3981 4001 4002 
	}
}
makai_tartarus_tradenode={
	location=2818
	color={
		181 55 16 
	}
	outgoing={
		name="dark_goddess_tradenode"
		path={
			2812 2819 
		}
		control={
			770.000000 1764.000000 
		}
	}
	members={
		2818 3713 3714 3715 3716 3717 3718 3719 3720 3721 3722 3723 3724 3725 3726 3727 3728 3729 3730 3731 3732 3733 3734 3735 3736 3737 3738 3739 3740 3741 3742 3743 3744 3745 3746 3747 3748 3749 3750 3753 3754 3759 3760 3761 3926 
	}
}
makai_sealed_sinner_prison_tradenode={
	location=3858
	color={
		155 236 159 
	}
	outgoing={
		name="dark_goddess_tradenode"
		path={
			3857 3865 3868 3875 3879 3887 3896 3900 3908 4009 4011 4010 3998 3995 3989 3987 3954 3950 3942 3941 3934 2819 
		}
		control={
			1152.000000 1849.000000 1034.000000 1883.000000 894.000000 1915.000000 
		}
	}
	members={
		3839 3846 3847 3848 3849 3850 3851 3852 3853 3854 3855 3856 3857 3858 3859 3860 3861 3862 3863 3864 3865 3866 3867 3868 3869 3870 3871 3872 3873 3874 3875 3876 3877 3878 3879 3880 3881 3882 3883 3884 3885 3886 3887 3888 3889 3890 3891 3892 3893 3894 3895 3896 3897 3898 3899 3900 3901 3902 3903 3904 3905 3906 3907 3908 3909 3910 3982 3999 4003 4004 4007 4008 4009 4011 4012 4013 4014 4015 4016 4017 4018 4019 4020 4021 4022 4023 4024 4025 4026 4027 4028 4029 
	}
}
dark_goddess_tradenode={
	location=2819
	color={
		29 54 84 
	}
	members={
		2819 3912 3913 3914 3915 3916 3917 3918 3919 3920 3921 3922 3923 3924 3925 3927 3928 3929 3930 3931 3932 3933 3934 3935 3936 3937 3938 3939 3940 3941 3942 3943 3944 3945 3946 3947 3948 3949 3950 3951 3952 3953 3954 3955 3956 3957 3958 3959 3960 3961 3962 3963 3964 3965 3966 3967 3968 3969 3970 3971 3972 3973 3974 3975 3976 3977 3978 3979 3980 3983 3984 3985 3986 3987 3988 3989 3990 3991 3992 3993 3994 3995 3996 3997 3998 4000 4005 4006 4010 4030 
	}
	end=yes
}
