#Example: Large parts of Africa and south east Asia
tropical = { 
	21 22 23 24 25 53 67 89 91 98
	99 100 105 106 107 108 109 110 111 112
	113 114 115 116 117 118 119 120 121 122
	123 124 125 126 127 128 129 130 131 132
	133 134 135 136 137 138 139 140 141 142
	143 144 145 146 147 148 149 150 151 152
	153 154 155 156 157 158 159 160 161 162
	163 164 165 166 167 168 169 170 171 172
	173 174 175 176 177 178 179 180 181 182
	183 184 185 186 187 188 189 190 191 192
	193 194 195 196 197 198 199 200 201 202
	203 207 210 211 212 213 215 217 220 221
	225 
}
arid = { 
}
arctic = { 
	2423 2424 2425 2448 2449 2420 2421 2422 2450 2418
	2419 2451 2452 2453 2454 2444 2445 2446 2447 2430
	2431 2432 2443 2426 2427 2428 2429 2435 2436 2437
	2438 2439 2433 2434 2440 2441 2442 2455 2456 2458
	2460 2457 2459 2461 2463 2465 2462 2464 2466 2467
	2473 2474 2475 2477 2468 2469 2470 2471 2472 2476
	2478 2499 2500 2482 2496 2497 2498 2479 2480 2481
	2486 2487 2488 2493 2490 2491 2492 2489 2483 2484
	2485 2494 2495
	2525 2526 2527 2528 2529 2533 2535 2537 2538 2540
	2530 2531 2532 2534 2536 2515 2516 2517 2518 2519
	2520 2521 2522 2523 2524 2510 2511 2512 2513 2514
	2163 2501 2502 2503 2505 2504 2506 2507 2508 2509
	361 362 1332 1924 1925 2571 2573 2575 2577 2416
	2579 2580 2581 2582 2574 2576 2578 2568 2569 2570
	2572 2539 2541 2542 2543 2544 2545 2546 2547 2548
	2549 2550 2551 2552 2553 2554 2555 2556 2557 2558
	2559 2563 2565 2566 2567 2600 2560 2561 2562 2564
	2599 1	2
}
mild_winter = { 
	# Pornof
	21 22 23 24 25 53 67 89 91 98
	99 100 105 106 107 108 109 110 111 112
	113 114 115 116 117 118 119 120 121 122
	123 124 125 126 127 128 129 130 131 132
	133 134 135 136 137 138 139 140 141 142
	143 144 145 146 147 148 149 150 151 152
	153 154 155 156 157 158 159 160 161 162
	163 164 165 166 167 168 169 170 171 172
	173 174 175 176 177 178 179 180 181 182
	183 184 185 186 187 188 189 190 191 192
	193 194 195 196 197 198 199 200 201 202
	203 207 210 211 212 213 215 217 220 221
	225 
}
normal_winter = { 
}
severe_winter = { 
}
impassable = { 
	21 22 23 53 67 89 91 98 99
	100 207 210 211 212 213 215 217 220 221
	225 601 602 603 726 2417 2801 2802 2803 2804
	2805 2806 2807 2808 2809 2810 2811 2812 2814
	2815 2816 4031 4032 4033 4034 4035
}
mild_monsoon = { 
}
normal_monsoon = { 
}
severe_monsoon = { 
}
equator_y_on_province_image = 18
